439023483
439554934
316015849
61120081
743273567
525478817
618260307
316769177
1416524797
679783261
1594480001
62024035
451524934
452284244
553296981
307269752
439023491
043965548X
618346252
439023513
439358078
316166685
439064864
439139600
545010225
307277674
439785960
140283331
743477111
297859382
399155341
142000671
739326228
1612130291
61122416
385732554
60764899
965818675
553588486
143038419
786838655
451529308
142437204
553816713
770430074
1565125606
375831002
307347974
316160199
60513039
1416914285
316160202
375826696
345391802
60929871
031606792X
142001740
142437174
64410935
1400032717
1594633665
679879242
393978893
743454537
385333846
446675539
1594489505
671027344
7442912
812550706
141439475
450040186
316068047
142402516
014028009X
141439661
439244196
307275558
143039954
156012197
074324754X
385486804
141439602
030734813X
60256656
385338600
374500010
014241493X
345418263
014038572X
385737947
61234001
517189607
60531045
375751513
345803507
393970124
307269981
1612130585
60786507
349113912
99408392
140449264
307265439
7524277
446693804
440241413
451525264
553381695
143037145
670026603
684833395
751529818
312422156
143039563
440498058
143038095
038549081X
385729332
60987103
582418275
316098337
521618746
340839937
316346624
1451648537
451163966
684830493
142000663
1401308589
451528824
1416914307
055357342X
006075995X
440242940
142437263
1594744769
030726999X
804139024
451207149
1476746583
1400064163
671027387
316055433
1595141715
452287022
525421033
312353766
786856866
446528056
1416914293
743477103
618346260
031232118X
394800168
142403881
1423101464
192833596
345339738
142311339X
1250012570
055358202X
525423648
747263744
385199570
446547565
552151696
141439580
345803922
393312836
964729237
739380338
451169514
143058142
61148512
7205236
553208845
679745580
316042676
1416975861
141301066
385534639
743227441
689865384
618640150
307592731
930289234
075640407X
316017922
142437247
385340990
393327345
441008534
671727796
739461192
312330871
385504225
1416989412
1561797464
345476875
62059939
312362080
1400052173
99446782
159514174X
316010669
038572179X
553213695
141382899
030788743X
1554681723
739303406
425263908
66238501
316043133
1558743669
752864327
786817879
385738935
142000655
307341569
385339089
312291639
451527747
192802631
312370830
452284694
140003468X
014131088X
399159347
385494785
1416524304
031242227X
307346609
385537859
440227534
446692638
450417395
307341542
439366771
312360266
743269519
743477545
618711651
375869026
039480001X
312641893
316206849
545123267
452011876
143038257
517223627
143034901
385738757
767900383
399167064
590920685
743297334
61120073
446677388
312577222
1400078776
786890754
1844080382
156030306
552995878
812968069
451205766
525476881
553803719
62255657
60513063
751565350
61726834
385339704
61139378
60853980
140042598
1476729085
446579939
451191153
425172902
038039586X
307886263
375414495
006112527X
753453800
1423140591
1451627289
241003008
140285601
451528557
849946158
385751060
1892295490
044654759X
1582701709
60987561
1416524347
671021001
756404738
440241901
1442403543
743418174
380018179
60530928
1451681739
439709105
91883768
307279464
553279378
61950726
1442416866
316204277
375806814
60557818
571224385
552135399
316182540
039925675X
743496728
1401323251
812511816
61150142
60764902
595440096
425263916
375814248
446696617
345453743
340896965
60775858
61969559
140275363
316228532
385339690
316777730
375840400
140621679
000720230X
450031063
679785892
1416975888
62268341
743477553
1400033411
015206396X
439206472
449213943
679805273
159463176X
345404475
141439742
60652896
525423273
7173040
1401207928
743223136
553384287
679879250
439488400
1423113381
441788386
965904830
141311371
076790818X
439227143
385738773
61142026
618485228
670022411
375704027
446672211
525421580
307276902
1595141758
307352145
440439884
142437336
689840926
076531178X
451528956
679889108
810993139
1599906953
1595141979
684803356
345505336
140120831
60838582
747599874
441569595
99910101
553212281
1590302257
385344228
385334206
874774241
60838728
739467352
375508414
385474547
385338694
1881273156
1416589643
031253275X
590032496
743298020
1595142509
1595141987
446676071
345521307
545044251
62059963
156001314
1416914633
802130208
158049580X
1423140605
60855924
1400079276
525945563
553803700
451216954
1416989439
61726818
679457313
670024783
141043768
553380168
525951652
1439148503
553380958
670061050
525467564
62060554
1420925539
375826726
310276993
312360282
451457811
1593082649
399162410
802142842
60245867
312323867
822210894
751537284
385353308
1476738017
1406321346
1416500189
140135154
385335970
743495667
345368584
1594489580
61120065
439321603
316322407
141439807
080701429X
670038601
618680004
525422943
345915593
515141429
375757325
937832383
440238153
765346524
1439153663
316769029
385720920
374528373
375822747
60541814
451933028
000100039X
394541553
312379838
812550757
684823780
1400031702
375725784
553381679
439228905
192833987
679735771
613371658
1400034779
1582406723
451457994
1590525132
842342702
62059998
545265355
805063897
593053893
812517725
743477154
385074077
553256696
192835084
553381547
312282990
802798233
805072454
689865392
965341984
739465511
375507256
767902890
1844137872
006197806X
307277887
1841493007
765305119
141439491
743482751
393320979
1401207529
62409859
316143472
316134023
1409151174
1400069289
679751521
1301949825
142437018
142406252
439861365
1595143068
64400026
380002558
60589469
375759239
60887303
670241334
1594200823
316176486
446696129
045057458X
385335997
393315053
307348245
747560595
441012183
141439599
192840398
394820371
765326353
1841493015
078685197X
765316889
034552554X
156389341X
446617792
1573225517
446696110
385721676
60574216
60899220
99244721
486266893
374480095
2253147699
1713221
071483355X
312642962
751532711
1442426640
670020559
1421501686
689875347
60529709
752863886
425266745
140439447
316013684
679760806
553383043
763616052
743253973
385339607
142437239
6480098
345418921
385739141
723247706
64405044
765316897
679746048
61173398
743278909
1481426303
920668372
1416524517
067002581X
618391118
451210859
330449605
99428644
142501557
743275012
385523386
451528018
374275637
345350499
689841582
446612707
1476754454
441014941
375706771
395389496
140544518
425134350
61124265
385349947
441013333
62085484
441783589
385342063
1857993284
316134112
553278223
307592839
753454947
61015725
7202326
525950079
312360304
60874163
140424385
312348649
375856110
307593312
1840224029
60809248
441014917
156007754
374158460
142421715
1423100034
1416562591
1841156736
1921351438
60541830
689711735
618101365
60838655
679745653
345504968
60515198
670011940
159420571X
553383809
451155750
646418432
425200450
307271080
446611085
451167805
425263924
307266303
1616203218
590133373
1585424331
60885378
765356155
446696137
1423146727
61448761
446615862
743226720
330419129
61928127
307237699
743455967
312364083
345418972
312348673
316206873
345476883
62049801
374533571
076072850X
743272498
151009988
1843913720
067102423X
786226749
451190750
014044906X
60739495
60589280
316767727
031610969X
1416912045
385335989
399256768
074348276X
435233076
446579920
545422906
452287588
1591164419
1451666179
812513738
192076920X
441015891
670032565
451188454
375408266
805047905
553283685
142000698
61007226
031612558X
067976402X
440174643
930289455
679732764
374105235
689862202
751514624
60529962
143035479
380813815
1577314808
399159010
553804677
64471837
441017150
1439102767
1620610078
345418905
1619630621
1932664084
1416586288
61020680
373210086
067168390X
393324826
1595143173
765342405
385342020
340606517
452287065
1416563687
345350685
1563892278
345465083
038073186X
553328255
198320272
307408841
140449140
074347757X
312642970
006621131X
714836257
767905180
451527887
140003065X
836220889
689865406
543898083
031237982X
1401303277
425144372
60513098
61992704
2020336464
553803727
1878424505
743296435
394709306
744583276
1476727651
140285679
1434768511
7173687
553213873
052595127X
446563080
1591826039
743482832
1905654944
340829788
385351399
439813786
60776099
1591169151
778316556
1250049377
1905654588
375706674
7230206
006441034X
2226131906
691096120
571225381
446547654
224094157
312938993
1580495931
1400067111
143039091
037571457X
1420925431
316084239
067001088X
399151575
385339666
1569319006
812993292
307931889
312861877
743477561
440178002
451219368
1619634449
345803574
068983568X
545132053
151010269
140286276
345457374
60288140
374214913
743496310
590452037
99285444
743482778
385732562
014240120X
345539788
316033677
812474945
1476712980
765326361
076360013X
440221668
450042685
1400064562
393328627
142402494
1933372605
743270754
441018645
679720219
439206480
145162137X
61214655
039515023X
525457585
571212921
1884365302
61662690
684853949
006074815X
1860498809
1594747350
375727345
356500152
067973225X
747532036
451218043
553803735
451458125
316204366
1591169208
61020648
1400078431
006112429X
1857231589
345419626
159308143X
199291152
142001430
446612731
452281253
1936305623
689707495
1400068932
425227510
074349671X
1423140567
765348276
831727527
140255559
684818701
60510862
8497597729
812971060
575079797
786851473
743225422
1607747308
385755880
671011367
552562521
374203059
61120251
1476789630
689865198
545424925
031286504X
140006208X
081299499X
66620996
803734611
439236193
141651693X
440238609
1480095532
006222543X
525426582
312305060
1623420024
316191299
451188462
385739168
385742886
144477851X
375726403
1857232097
803734964
009928264X
385338708
1416524525
316070521
440241812
393316041
545123283
553609416
142437344
765302306
451529170
385339100
345538374
146109111X
446350982
045052468X
316001929
374292795
385743564
1558580093
553213970
61583251
679740678
393322238
793551617
812970063
670023485
345544927
441013813
786838922
812976142
812993543
140424393
393072231
1416524290
1406311529
765325942
553266306
307463745
525951989
739352350
679644199
312965788
312966091
1576469239
037582913X
425193799
805094598
770437850
399256776
2266079999
525423281
375703861
62107062
1582346186
61974552
1594488398
836218051
067001821X
1439152802
696215322
330491237
140282580
055381706X
670026611
6480101
345347951
763625299
60852550
1619630656
812513754
